a <- 2
b <- 3 #added
hhhhhhhh
<<<<<<< HEAD
hhhhhhh
=======

c<- 13 # shiva added
>>>>>>> d2a2bdd6c6d013d1f6d3c356a562f32cbb78463a
